Camera Position,Velocity,Camera Extrinsic,Centre points 2D coord,Crater Indices
[1285.96560547 1285.96560547    0.        ],[-7.14457605e-17  7.14457605e-17  1.65010130e+00],"[[ 0.00000000e+00 -7.07106781e-01 -7.07106781e-01  9.09315000e+02]
 [ 0.00000000e+00  7.07106781e-01 -7.07106781e-01 -9.09315000e+02]
 [ 1.00000000e+00  0.00000000e+00 -0.00000000e+00 -1.28596561e+03]]","[array([870.50674001, 595.00798472]), array([708.90472738, 387.95951632]), array([745.34563277, 288.05892472]), array([940.31430379, 515.86364573]), array([ 26.94812237, 235.13952324]), array([187.41035117, 214.21558147]), array([ 32.21363299, 893.98830327]), array([405.44641436, 343.12968283])]","[10096, 10145, 10147, 11125, 11199, 11200, 11916, 11917]"
[1253.35256987 1253.35256987  409.03243207],[-0.25976313 -0.25976313  1.60826412],"[[-3.10247183e-01 -6.55001263e-01 -6.88999297e-01  1.49161968e+03]
 [ 0.00000000e+00  7.24762009e-01 -6.88999297e-01 -6.26559268e+02]
 [ 9.50655924e-01 -2.13760091e-01 -2.24855372e-01 -8.31617146e+02]]","[array([659.50363571, 816.2359294 ]), array([560.67982359, 586.6555729 ]), array([553.64155463, 640.91135904]), array([468.81632704, 821.24872862]), array([541.06325665, 312.87192435]), array([293.96923882, 327.30608285]), array([  14.06254324, 1022.10396941]), array([413.1256977 , 434.77289204]), array([490.52159733, 620.04853925]), array([441.01848053, 222.64219034]), array([399.01786072, 357.32191037]), array([ 70.3097796 , 163.96967942]), array([220.66479862, 363.74542586]), array([ 92.58469517, 444.66510699]), array([113.04992585, 525.79526712]), array([ 24.43428885, 676.26204498]), array([155.70249603, 581.94780537]), array([185.80642631, 843.245304  ]), array([290.16663624, 673.99561757]), array([276.388121  , 403.00656256]), array([358.44280881, 407.02195944]), array([372.83223937, 364.11861757]), array([601.13034346, 935.02060873]), array([469.90415129, 680.85201903]), array([501.98436453, 398.92691512]), array([386.80816529, 130.88657281])]","[9975, 9976, 9977, 9978, 10053, 10055, 10056, 10057, 10194, 10195, 10196, 10519, 10539, 10540, 10541, 10553, 10554, 10555, 10556, 10557, 10558, 10559, 10602, 21185, 21186, 21194]"
[1157.21472754 1157.21472754  797.33889219],[-0.50598569 -0.50598569  1.48505839],"[[-5.67375943e-01 -5.23452073e-01 -6.35674812e-01  1.76917050e+03]
 [ 0.00000000e+00  7.71956951e-01 -6.35674812e-01 -3.86471702e+02]
 [ 8.23458888e-01 -3.60666596e-01 -4.37989803e-01 -1.86323752e+02]]","[array([204.54221243, 981.26625633]), array([288.70705228, 743.24861119]), array([ 51.97612565, 344.84376422]), array([986.22661868, 326.23599611]), array([ 27.09899983, 517.85704958]), array([354.27355286, 705.36738697]), array([910.13720112, 425.68103569])]","[9823, 9824, 9943, 9946, 10743, 21168, 21181]"
[1002.55249942 1002.55249942 1145.33248167],[-0.72594777 -0.72594777  1.28723628],"[[-7.52450819e-01 -3.62293343e-01 -5.50055723e-01  1.74758623e+03]
 [ 0.00000000e+00  8.35127955e-01 -5.50055723e-01 -2.07262933e+02]
 [ 6.58648438e-01 -4.13889879e-01 -6.28392714e-01  4.74335283e+02]]","[array([978.64260434, 519.67017117]), array([793.70431904, 250.36832436]), array([602.6088155, 531.7159566]), array([669.08884038, 862.54687923]), array([645.73763276, 794.58502342]), array([866.14227059, 742.38442925]), array([901.36385101, 614.24501043]), array([1010.16325966,  785.14283375]), array([918.91513868, 288.67860417]), array([541.12739883, 316.66794686])]","[9791, 9792, 9812, 9814, 9815, 9817, 9818, 10821, 10852, 21167]"
[ 797.36469578  797.36469578 1435.62351106],[-0.90849695 -0.90849695  1.0255206 ],"[[-8.74209987e-01 -2.12079108e-01 -4.36782956e-01  1.49322445e+03]
 [ 0.00000000e+00  8.99566923e-01 -4.36782956e-01 -9.02270259e+01]
 [ 4.85548039e-01 -3.81840022e-01 -7.86410389e-01  1.04629613e+03]]","[array([735.2469824 , 442.28717585]), array([315.05913052, 103.11153035]), array([399.56064889, 681.51891383]), array([370.38805859, 688.60623539]), array([727.72224489, 897.90126736]), array([793.63612216, 616.91012634]), array([796.2395613 , 163.69321047]), array([980.47788196, 152.06024027]), array([404.84822326, 649.24682166])]","[9720, 9726, 9729, 9731, 9732, 11051, 11061, 11062, 21147]"
[ 552.17690903  552.17690903 1653.92538204],[-1.04465936 -1.04465936  0.71387427],"[[-9.48533774e-01 -9.56044091e-02 -3.01899778e-01  1.07586870e+03]
 [ 0.00000000e+00  9.53339669e-01 -3.01899778e-01 -2.70924465e+01]
 [ 3.16675984e-01 -2.86362136e-01 -9.04274874e-01  1.47886456e+03]]","[array([998.60514142,  26.60465123]), array([822.93428906, 499.09750654]), array([583.53778907,  14.08479047]), array([477.14245638, 469.57682568]), array([246.34832745, 681.04716062]), array([158.30758321, 572.71710125]), array([ 96.7729791 , 207.65782313]), array([864.71012094, 702.84578418]), array([360.09215033, 162.84714168]), array([461.11558332, 650.0059402 ]), array([466.79447702, 930.52744676]), array([138.53820178, 946.66207282]), array([112.92227012, 877.80037695]), array([457.95805226, 933.22555913]), array([187.05023096, 247.68947386]), array([215.45201258, 983.80964553])]","[459, 475, 476, 479, 490, 491, 494, 1764, 1788, 1789, 1790, 9670, 9675, 20823, 20825, 21135]"
[ 279.43871544  279.43871544 1789.75419074],[-1.12807319 -1.12807319  0.36859531],"[[-9.88029741e-01 -2.35190317e-02 -1.52460111e-01  5.55532012e+02]
 [ 0.00000000e+00  9.88309625e-01 -1.52460111e-01 -3.30584994e+00]
 [ 1.54263509e-01 -1.50635124e-01 -9.76479303e-01  1.74664401e+03]]","[array([820.88647042, 289.17575255]), array([567.22980733, 773.36009671]), array([447.48176728, 223.14662233]), array([147.78132722, 746.70516167]), array([ 6.16341649, 86.87623732])]","[1625, 1638, 1639, 1674, 1684]"
[  -7.16330034   -7.16330034 1836.88966993],[-1.15522779 -1.15522779  0.00732758],"[[-9.99992396e-01 -1.52072355e-05  3.89963073e-03 -1.43265462e+01]
 [ 0.00000000e+00  9.99992396e-01  3.89963073e-03  5.44672047e-05]
 [-3.89966038e-03  3.89960108e-03 -9.99984793e-01  1.83686174e+03]]","[array([339.12406721, 448.2398183 ]), array([192.76101776, 722.84682484]), array([497.24361257, 247.42425775]), array([ 229.55914601, 1003.94603943]), array([215.92100046, 818.06249413]), array([247.12873016, 373.37064189]), array([225.7008958 , 231.47456921]), array([213.43219227,  32.22821409]), array([106.61547613, 144.69497934]), array([ 22.2717295 , 772.26499788]), array([ 50.96477576, 902.63002041]), array([105.92479042, 910.11421434]), array([478.17386268, 392.45062224])]","[290, 1000, 1862, 1868, 1869, 1870, 1871, 1872, 1873, 1874, 1879, 1880, 1888]"
[-293.42837924 -293.42837924 1793.58729929],[-1.12551422 -1.12551422 -0.35192747],"[[-9.86880521e-01 -2.57335983e-02  1.59388266e-01 -5.83006489e+02]
 [ 0.00000000e+00  9.87215975e-01  1.59388266e-01  3.80041375e+00]
 [-1.61452276e-01  1.57297175e-01 -9.74264215e-01  1.74620870e+03]]","[array([817.60563628, 673.32702733]), array([487.7526038 , 830.25650253]), array([135.05776466, 858.99320081]), array([949.86030775, 178.04497203]), array([938.13365051, 417.81364848]), array([996.71456281, 433.68501902]), array([738.30973568, 634.59871236]), array([817.34879355, 854.56050176]), array([915.69994372, 955.53071953]), array([695.98256056, 625.47262874]), array([630.76904666, 859.04240095]), array([685.54383229, 474.33457274]), array([710.5446126 , 101.21530116]), array([357.89728699, 604.35817766]), array([423.03115057, 702.4600381 ]), array([386.33264513, 890.50805943]), array([426.00541752, 974.0690435 ]), array([ 388.43127821, 1009.22647673]), array([202.021485  , 940.34741723]), array([216.91382969, 884.53494466]), array([133.91745855, 619.97355122]), array([ 25.63216266, 134.79046061]), array([914.65080566, 589.16125963])]","[142, 172, 182, 950, 951, 952, 1009, 1010, 1011, 1056, 1057, 1058, 1059, 1089, 1090, 1091, 1092, 1093, 1138, 1139, 1140, 1141, 20759]"
[-565.35586539 -565.35586539 1662.55089412],[-1.04111128 -1.04111128 -0.69172895],"[[-9.46757374e-01 -9.86632738e-02  3.06457230e-01 -1.10053544e+03]
 [ 0.00000000e+00  9.51884429e-01  3.06457230e-01  2.86527028e+01]
 [-3.21947939e-01  2.90140642e-01 -9.01203602e-01  1.48031441e+03]]","[array([835.9144382 , 707.12913659]), array([758.39261367, 724.48804159]), array([775.84979085, 967.46075561]), array([591.98884472, 236.79211053]), array([447.48823268, 934.0179573 ]), array([544.67600874, 479.07951138]), array([900.39637936, 887.02072965]), array([837.02150724, 836.10105628]), array([778.73818917, 417.43242798]), array([780.00464566, 503.46278678]), array([760.03754975, 529.74625139]), array([798.52791504, 532.27809263]), array([741.81697544, 501.9337297 ]), array([804.28308027, 624.11272142]), array([800.36046505, 819.39794266]), array([761.80014788, 911.14037308]), array([ 787.1761957 , 1020.30068404]), array([751.20391368, 984.79232837]), array([744.85248584, 952.65875645]), array([730.93693763, 906.40239665]), array([742.79167583, 795.16515664]), array([664.88283752, 521.0945477 ]), array([668.65213801, 566.66340019]), array([695.37160744, 358.02299943]), array([634.46216449, 169.96845331]), array([541.65921494, 263.56231188]), array([510.59308525, 611.17308021]), array([333.8596849 , 473.27843448]), array([311.80337364, 326.04478338]), array([36.84343604, 93.60060996]), array([187.69633297, 926.61529476]), array([ 31.89805613, 436.98286428]), array([211.14943604, 983.62877742]), array([982.06602905, 797.81056986]), array([920.42997671, 625.87915485]), array([610.2579949 ,  31.72023991]), array([944.88821633,  34.60410892]), array([1007.73608339,  581.58906757]), array([944.48732317, 329.45153911]), array([704.08109635,  56.99975794]), array([724.20528359,  59.51574653]), array([825.55896867, 272.447208  ]), array([902.1855427 , 390.38094323]), array([835.9144382 , 707.12913659]), array([544.67600874, 479.07951138]), array([920.42997671, 625.87915485])]","[33, 34, 35, 52, 53, 524, 600, 648, 652, 653, 654, 655, 656, 657, 658, 659, 661, 662, 663, 700, 701, 702, 703, 704, 705, 707, 708, 756, 757, 760, 762, 805, 1956, 2000, 2001, 2002, 2005, 4762, 4764, 4786, 4787, 4788, 4790, 20741, 20830, 20835]"
[-809.81398193 -809.81398193 1450.68955442],[-0.90674169 -0.90674169 -0.99599763],"[[-8.73165223e-01 -2.13563660e-01  4.38147299e-01 -1.51566395e+03]
 [ 0.00000000e+00  8.98903190e-01  4.38147299e-01  9.23286617e+01]
 [-4.87424345e-01  3.82574984e-01 -7.84891005e-01  1.05372470e+03]]","[array([201.54670124, 288.44496909]), array([159.42105556, 437.23725498]), array([692.41319682, 854.81296068]), array([642.78348116, 549.05763664]), array([481.25111493, 128.60815696]), array([554.03991043, 181.01795025]), array([408.71581926, 238.43323704]), array([209.20764244, 136.75921549]), array([286.54246722, 108.40499981]), array([547.31275862, 522.72261047]), array([588.90124895, 700.38553593]), array([622.33929656, 747.72042967]), array([542.06935788, 780.73673698]), array([518.36627251, 764.87571322]), array([482.17986584, 703.61902272]), array([405.58548998, 682.34872512]), array([360.16444482, 632.19678333]), array([ 25.93604582, 248.83088252]), array([309.4667757 , 839.68862027]), array([258.13248119, 833.34013415]), array([422.61700118, 799.88084371]), array([442.75166869, 781.00474444]), array([597.35694466, 965.14392487]), array([540.39164112, 507.72898283])]","[2063, 2064, 2125, 2132, 2133, 2134, 4455, 4489, 4490, 4492, 4493, 4494, 4520, 4521, 4522, 4523, 4524, 4525, 4547, 4548, 4549, 4550, 20850, 20861]"
[-1015.13527827 -1015.13527827  1168.69169897],[-0.72933542 -0.72933542 -1.25067593],"[[-7.54963139e-01 -3.59605847e-01  5.48374227e-01 -1.77231871e+03]
 [ 0.00000000e+00  8.36233046e-01  5.48374227e-01  2.08009259e+02]
 [-6.55767229e-01  4.14002328e-01 -6.31325126e-01  4.92400354e+02]]","[array([312.8964199 , 765.17922002]), array([381.34280498, 623.03527248]), array([307.21721496, 347.29227891]), array([371.63524051, 694.63425445]), array([210.76316175, 311.92656029]), array([161.81569111, 129.29233078]), array([ 58.60252642, 113.32589104]), array([133.79675751, 347.95609631]), array([182.49346829,  55.83606775]), array([154.68630166,  63.72590261]), array([175.79708122,  96.07624739]), array([114.43169903,  70.9733491 ]), array([ 65.54257597, 177.47195505]), array([ 76.13419602, 380.17923621]), array([175.61751002, 370.97462242]), array([191.44421027, 467.38030189]), array([296.44820469, 574.27583539]), array([282.76425168, 826.09046481]), array([160.52102513, 559.16866963]), array([140.71612919, 648.14862526]), array([112.08010001, 544.28982096]), array([  2.30976329, 608.62730791]), array([295.18436299, 875.40258666]), array([156.4715138, 958.1358587]), array([ 232.50147801, 1002.42019188]), array([418.14659034, 604.58567698])]","[2205, 2295, 2296, 2297, 2299, 2300, 2303, 2304, 3843, 3844, 3845, 3881, 3923, 3961, 3962, 3963, 3965, 4007, 4008, 4009, 4010, 4045, 4046, 4090, 20874, 20885]"
[-1171.61995473 -1171.61995473   830.45241027],[-0.51763451 -0.51763451 -1.44424195],"[[-5.78274632e-01 -5.15735644e-01  6.32151244e-01 -1.80673579e+03]
 [ 0.00000000e+00  7.74845020e-01  6.32151244e-01  3.82852363e+02]
 [-8.15842172e-01  3.65557028e-01 -4.48073219e-01 -1.55459576e+02]]","[array([782.11863858, 102.34507614]), array([830.31538885, 108.51800517]), array([815.58580821, 414.73066324]), array([828.24547899, 502.36618854]), array([858.18128829, 436.76326543]), array([924.30260676, 730.06310481]), array([1021.12892945,  905.10856552]), array([  69.20830429, 1015.53096157]), array([937.4865968 , 621.10598498]), array([909.31012299, 605.52539655]), array([956.81901582, 286.49100513]), array([123.19871637, 960.76144673])]","[2192, 2306, 2310, 2311, 2312, 2315, 2400, 3554, 3770, 3771, 20886, 20897]"
[-1271.93595578 -1271.93595578   452.38969369],[-0.28176618 -0.28176618 -1.56808634],"[[-3.35105544e-01 -6.46102366e-01  6.85752147e-01 -1.55826082e+03]
 [ 0.00000000e+00  7.27835141e-01  6.85752147e-01  6.15532483e+02]
 [-9.42180595e-01  2.29799346e-01 -2.43901591e-01 -7.95764758e+02]]","[array([709.17768772, 659.75641739]), array([705.20736549, 561.13801747]), array([638.96929745, 619.13544649]), array([794.138137  , 993.77358814]), array([554.06130913, 504.86133051]), array([544.94075426, 389.58509487]), array([929.11657525, 929.7916688 ]), array([867.27240448, 922.73772854]), array([909.93282346, 895.54031846]), array([1007.94008074,  544.22597633]), array([994.97242413, 709.82868467]), array([914.7742353 , 708.16363511]), array([809.79641113, 806.66751315]), array([682.44027874, 694.1487106 ]), array([936.47846695, 344.4357955 ]), array([630.14104798, 484.32883704]), array([560.08612908, 317.67690275]), array([644.57678684,  95.97291534]), array([602.19653375, 102.71015216]), array([508.87001283, 192.65889221])]","[2451, 2452, 2453, 2454, 2455, 2456, 2994, 2997, 3030, 3092, 3093, 3094, 3095, 3123, 3124, 3205, 3241, 3243, 3314, 3352]"
[-1311.41038438 -1311.41038438    52.68210585],[-0.03280262 -0.03280262 -1.61676728],"[[-4.01397219e-02 -7.06252028e-01  7.06821672e-01 -1.01606275e+03]
 [ 0.00000000e+00  7.07391776e-01  7.06821672e-01  8.90444066e+02]
 [-9.99194077e-01  2.83716253e-02 -2.83945091e-02 -1.27165076e+03]]","[array([311.55495256, 374.71718772]), array([569.50326182, 457.97774278]), array([453.40691819, 787.10163549]), array([439.22919429, 561.85471624]), array([260.33323427, 673.19856054]), array([276.30773264, 652.08802138]), array([284.65603956, 730.66267751]), array([505.26419457, 378.85769413]), array([376.05792009, 594.65586969]), array([255.88997217, 555.40659038]), array([387.45729698, 304.767438  ]), array([289.04298251,  32.13432456]), array([133.63175739, 307.09004224]), array([146.51918874, 354.99312763]), array([ 97.68136158, 344.16590635]), array([ 42.45783806, 247.16678526]), array([25.63865442, 65.78316884]), array([614.47247012, 843.62016496]), array([689.37471035, 752.50318854]), array([ 844.27994051, 1023.40991995]), array([830.80219373, 735.21337647]), array([511.02212135, 913.63708174]), array([493.79035823, 921.71147821]), array([855.78624468, 978.62927918]), array([614.47247012, 843.62016496])]","[2538, 2539, 2540, 2541, 2543, 2544, 2546, 2656, 2657, 2677, 2678, 2679, 2725, 2726, 2749, 2750, 2814, 4849, 4850, 4852, 5351, 5354, 5355, 5452, 20927]"
[-1288.21029265 -1288.21029265  -349.54385096],[ 0.21768272  0.21768272 -1.58815984],"[[ 2.61871623e-01 -6.70206056e-01  6.94440131e-01 -2.83283342e+02]
 [ 0.00000000e+00  7.19550488e-01  6.94440131e-01  1.16966962e+03]
 [-9.65102716e-01 -1.81854164e-01  1.88429854e-01 -1.41165716e+03]]","[array([ 87.68198172, 665.9927289 ]), array([220.92225546, 834.25961247]), array([276.8761287 , 847.65894024]), array([825.14942453, 927.41436713]), array([729.5415833 , 967.82742402]), array([634.90410961, 990.65107721]), array([859.47762658, 893.19251414]), array([813.38742454, 882.21210488]), array([733.69272814, 843.46012334]), array([799.78475239, 816.17620234]), array([965.37385786, 641.4433989 ]), array([217.15716903,  30.91112984]), array([551.18227667,  81.04165591]), array([469.1243952 , 432.15869992]), array([374.70728228, 490.7734633 ]), array([332.84833584, 545.51271315]), array([234.45702405, 695.74200678]), array([1007.19197502,  364.25288481]), array([911.49772649, 559.35830208]), array([744.29643894, 541.23038325]), array([720.57207543, 649.00432873]), array([453.99636845, 707.94210551]), array([945.25775706, 610.85564227]), array([1011.98816715,  579.33252315]), array([465.25577327, 779.91532909]), array([630.80902359, 910.38050908])]","[4908, 4911, 4912, 4928, 4929, 4930, 4931, 4932, 4933, 4934, 4938, 5718, 5730, 5783, 5784, 5785, 5799, 5855, 5858, 5859, 5860, 5861, 5873, 5875, 20944, 20948]"
[-1203.41255013 -1203.41255013  -735.05178968],[ 0.45805863  0.45805863 -1.48351178],"[[ 5.21260511e-01 -5.53980977e-01  6.49147562e-01  4.37780856e+02]
 [ 0.00000000e+00  7.60662503e-01  6.49147562e-01  1.39254788e+03]
 [-8.53397610e-01 -3.38374989e-01  3.96503325e-01 -1.14274362e+03]]","[array([872.87505336, 308.66905109]), array([737.0895967 , 523.46069744]), array([817.50591849, 481.55570666]), array([504.63031197, 451.82441574]), array([606.04708801, 518.47760934]), array([349.61966462, 688.66914672]), array([351.8266504 , 609.59665152]), array([ 54.66064365, 810.35786523]), array([1020.90237293,  532.44489212]), array([245.1567472 ,  11.77337256]), array([785.10834055,  28.46883005]), array([483.62007486, 182.9716032 ]), array([369.11747911, 226.46479228]), array([164.16722196, 361.54073925]), array([ 35.07468841, 643.8981445 ]), array([ 73.52871936, 626.18436112]), array([950.26786761, 150.74035617]), array([473.40625771, 477.97835883]), array([344.55968016, 493.36277899]), array([345.48563044, 545.07386331]), array([183.24255455, 642.32607679]), array([569.89052168, 500.81552008]), array([707.18057254, 464.50142856]), array([687.72595185, 419.11899645]), array([902.0043052 , 221.28545907]), array([829.61433828, 376.71678134]), array([790.54231865, 474.61539259]), array([518.16803529, 712.68376861]), array([132.10417683, 697.99508208])]","[5029, 5030, 5031, 5033, 5034, 5040, 5041, 5042, 5063, 6130, 6169, 6170, 6171, 6172, 6183, 6184, 6212, 6213, 6214, 6215, 6216, 6224, 6225, 6226, 6227, 6257, 6258, 6989, 20966]"
[-1060.96286711 -1060.96286711 -1085.3363776 ],[ 0.67707953  0.67707953 -1.30741094],"[[ 7.15090623e-01 -4.00496002e-01  5.72929623e-01  9.55594572e+02]
 [ 0.00000000e+00  8.19604568e-01  5.72929623e-01  1.49139137e+03]
 [-6.99031760e-01 -4.09696601e-01  5.86091541e-01 -5.40213150e+02]]","[array([723.72974782,  19.33887078]), array([618.75789334, 191.37765551]), array([577.66924253, 154.75573242]), array([ 9.08784351, 21.76565183]), array([233.13018035, 435.58537759]), array([114.67948745, 511.07162439]), array([ 20.52557616, 564.1739897 ]), array([180.38025041, 540.41597419]), array([404.23961976, 426.25680106]), array([495.39463315, 400.45702171]), array([567.23895598, 289.33409448]), array([622.53545209, 285.78377009]), array([558.4239093 ,  63.20028958]), array([  5.45545654, 422.27129396]), array([337.0155348 , 308.32847988]), array([546.39885951, 150.75270741]), array([397.87329001, 312.93928216]), array([842.56274411,  63.70395217]), array([114.67948745, 511.07162439])]","[5138, 5139, 5140, 5141, 5142, 5143, 5145, 5147, 5148, 5195, 5197, 5198, 6494, 6495, 6515, 6525, 6526, 20988, 20989]"
[ -867.52391454  -867.52391454 -1383.4448431 ],[ 0.86432927  0.86432927 -1.06766122],"[[ 8.47207204e-01 -2.49249239e-01  4.69163907e-01  1.16780522e+03]
 [ 0.00000000e+00  8.83111108e-01  4.69163907e-01  1.41518239e+03]
 [-5.31262604e-01 -3.97479041e-01  7.48178092e-01  2.29357536e+02]]","[array([760.95533763, 653.78061461]), array([571.25234984, 780.34997447]), array([ 440.88731423, 1005.9132558 ]), array([500.66511401, 909.22830788]), array([541.77675523, 930.06521375]), array([587.2262396 , 887.94637968]), array([668.3990816 , 784.41246081]), array([698.73509916, 777.44324276]), array([645.67238015, 908.02896187]), array([633.16963917, 963.66009939]), array([809.33654619, 965.13305912]), array([787.09777811, 856.51054144]), array([301.80404179,   5.72768391]), array([101.14259179, 189.65136281]), array([1004.61485622,  654.10573252]), array([795.47262948, 817.63576691]), array([58.81107361, 12.76493025])]","[5065, 5068, 5129, 5131, 5132, 5133, 5135, 5136, 5137, 5138, 5139, 5140, 5299, 5302, 6515, 6525, 6839]"
[ -632.21264689  -632.21264689 -1614.75501144],[ 1.01066289  1.01066289 -0.77505654],"[[ 9.31173883e-01 -1.24875128e-01  3.42522120e-01  1.06284158e+03]
 [ 0.00000000e+00  9.39509764e-01  3.42522120e-01  1.14705926e+03]
 [-3.64575370e-01 -3.18947652e-01  8.74846955e-01  9.80531607e+02]]","[array([642.65964143, 221.51857434]), array([190.51372962, 630.21505302]), array([ 66.84984913, 883.97190631]), array([224.39245546, 633.53587757]), array([329.73567066, 621.75452746]), array([489.07896093, 536.30179859]), array([604.11642294, 551.18946009]), array([719.54350306, 209.26721353]), array([767.54363902, 240.33837613]), array([930.03889043, 186.29311651]), array([632.6461067 , 975.24722537]), array([871.35821281, 338.20960115]), array([818.18062686, 257.4827654 ]), array([653.86715614, 445.52592836]), array([893.65314885, 300.22181807]), array([580.66957654, 617.25131797]), array([224.37726513, 612.59674367]), array([736.29852899, 178.78854219]), array([  4.4108891 , 834.93108789]), array([619.62865648, 281.93212631])]","[5199, 5206, 5255, 5256, 5259, 5261, 5262, 5263, 5264, 5265, 5300, 5301, 6818, 6839, 6840, 6876, 6969, 6970, 20994, 21001]"
